t util pw mem
0.1 99 343.67 48320
1.2 99 339.10 48320
2.3 96 228.45 48320
3.4 100 328.87 48320
4.5 100 338.30 48320
5.6 100 345.01 48320
6.7 94 318.57 48320
7.7 92 244.41 48320
8.8 100 329.66 48320
9.9 100 337.76 48320
10.9 99 344.28 48320
12.0 93 319.44 48320
13.1 95 249.62 48320
14.2 100 329.34 48320
15.3 100 336.23 48320
16.3 100 347.50 48320
17.4 99 331.76 48320
18.5 96 237.35 48320
19.6 100 329.32 48320
20.7 100 338.39 48320
21.8 100 342.85 48320
22.9 42 309.91 48320
24.0 96 256.44 48320
25.1 100 329.52 48320
26.2 99 337.58 48320
27.3 100 343.26 48320
28.4 0 291.47 48320
29.4 95 269.08 48320
30.5 97 326.04 48320
31.6 100 343.30 48320
32.7 99 346.15 48320
33.8 1 293.55 48320
34.9 96 267.70 48320
35.9 97 326.04 48320
37.0 100 343.24 48320
38.1 99 344.88 48320
39.2 1 293.58 48320
40.3 96 271.52 48320
41.4 96 324.85 48320
42.5 99 344.25 48320
43.6 99 344.74 48320
44.7 48 273.63 48320
45.7 95 286.78 48320
46.8 96 334.23 48320
47.9 100 344.42 48320
49.0 100 342.34 48320
50.1 67 252.84 48320
51.2 95 286.91 48320
52.3 99 336.70 48320
53.4 100 344.54 48320
54.5 100 344.71 48320
55.6 98 242.28 48320
56.7 96 300.97 48320
57.8 99 334.87 48320
58.9 99 343.28 48320
60.0 100 344.15 48320
61.1 98 253.72 48320
62.2 98 302.49 48320
63.2 100 336.53 48320
64.3 100 344.24 48320
65.4 100 345.02 48320
66.5 98 239.71 48320
67.6 100 305.49 48320
68.7 100 335.88 48320
69.7 100 346.24 48320
70.8 100 343.30 48320
71.9 95 244.88 48320
72.9 100 310.73 48320
74.0 99 334.62 48320
75.1 100 346.71 48320
76.1 100 342.88 48320
77.2 96 241.73 48320
78.3 100 311.17 48320
79.4 100 334.20 48320
80.5 100 345.94 48320
81.6 99 343.32 48320
82.7 95 234.56 48320
83.8 100 316.54 48320
84.9 100 335.57 48320
86.0 100 349.03 48320
87.1 100 341.98 48320
88.1 98 236.75 48320
89.2 100 317.88 48320
90.3 100 336.20 48320
91.4 100 346.31 48320
92.5 99 344.00 48320
93.5 98 240.43 48320
94.6 100 313.82 48320
95.7 100 336.96 48320
96.8 100 346.31 48320
97.9 100 345.12 48320
98.9 96 237.48 48320
100.0 100 317.72 48320
101.1 100 336.03 48320
102.2 100 343.69 48320
103.2 100 346.46 48320
104.3 98 232.96 48320
105.4 100 319.83 48320
106.5 100 336.26 48320
107.5 99 344.23 48320
108.6 100 345.17 48320
109.7 98 233.07 48320
110.8 100 322.05 48320
111.9 100 338.09 48320
113.0 99 345.06 48320
114.0 100 343.62 48320
115.1 96 228.10 48320
116.2 100 320.62 48320
117.3 99 337.80 48320
118.4 100 343.17 48320
119.5 100 345.46 48320
120.6 97 229.07 48320
121.7 100 321.56 48320
122.8 100 338.56 48320
123.9 99 343.16 48320
125.0 99 346.21 48320
126.0 98 222.68 48320
127.1 100 328.96 48320
128.2 100 338.07 48320
129.3 100 342.65 48320
130.4 100 345.97 48320
131.5 96 220.71 48320
132.6 100 327.96 48320
133.6 100 338.43 48320
134.7 100 342.42 48320
135.8 100 346.42 48320
136.9 98 228.66 48320
137.9 100 326.30 48320
139.0 100 336.66 48320
140.1 100 344.38 48320
141.2 100 343.41 48320
142.3 95 216.41 48320
143.4 100 327.73 48320
144.5 99 337.67 48320
145.6 100 343.65 48320
146.7 99 343.54 48320
147.8 95 225.69 48320
148.8 93 326.91 48320
149.9 99 338.99 48320
151.0 100 342.91 48320
152.1 99 342.27 48320
153.2 95 224.84 48320
154.3 100 329.66 48320
155.4 100 337.03 48320
156.5 100 342.78 48320
157.5 99 342.91 48320
158.6 93 226.46 48320
159.7 100 328.54 48320
160.8 100 337.83 48320
161.9 99 343.29 48320
163.0 99 323.00 48320
164.1 94 242.58 48320
165.2 100 329.97 48320
166.3 100 341.35 48320
167.4 100 341.73 48320
168.5 99 304.54 48320
169.5 95 243.49 48320
170.6 100 329.18 48320
171.7 100 337.89 48320
172.8 99 343.85 48320
173.9 20 305.76 48320
175.0 96 259.59 48320
176.1 100 330.63 48320
177.2 100 338.68 48320
178.3 99 342.66 48320
179.4 0 288.24 48320
180.5 95 275.72 48320
181.6 100 326.05 48320
182.6 99 338.82 48320
183.7 100 342.08 48320
184.8 0 288.59 48320
185.8 96 261.51 48320
186.9 100 327.10 48320
188.0 99 341.91 48320
189.1 99 344.30 48320
190.2 13 283.72 48320
191.3 92 283.05 48320
192.4 99 328.15 48320
193.5 100 342.69 48320
194.6 100 345.93 48320
195.6 8 278.30 48320
196.7 95 282.93 48320
197.8 99 327.11 48320
198.9 100 343.69 48320
200.0 99 345.77 48320
201.1 73 260.28 48320
202.1 96 285.64 48320
203.2 97 326.76 48320
204.3 100 341.96 48320
205.4 100 344.59 48320
206.5 81 264.82 48320
207.6 93 285.78 48320
208.6 96 340.08 48320
209.7 100 342.87 48320
210.8 100 344.70 48320
211.9 91 263.87 48320
213.0 95 290.15 48320
214.1 99 339.33 48320
215.2 99 343.09 48320
216.3 100 346.86 48320
217.4 98 252.79 48320
218.5 100 303.47 48320
219.6 100 335.13 48320
220.7 99 345.17 48320
221.8 100 345.28 48320
222.8 98 247.80 48320
223.9 100 308.08 48320
225.0 100 335.39 48320
226.1 100 348.00 48320
227.2 100 343.42 48320
228.3 97 211.04 48320
229.4 98 305.42 48320
230.5 100 337.28 48320
231.6 100 343.80 48320
232.7 99 345.02 48320
233.8 98 245.53 48320
234.9 100 307.88 48320
236.0 100 338.49 48320
237.1 100 343.49 48320
238.2 99 344.66 48320
239.3 98 235.32 48320
240.4 100 317.92 48320
241.4 100 335.80 48320
242.5 99 342.53 48320
243.6 100 344.90 48320
244.7 97 235.27 48320
245.8 100 319.83 48320
246.9 99 338.71 48320
247.9 99 343.05 48320
249.0 100 345.74 48320
250.1 97 231.61 48320
251.2 100 321.11 48320
252.3 100 341.10 48320
253.3 99 343.37 48320
254.4 99 344.49 48320
255.5 97 221.26 48320
256.6 100 320.70 48320
257.7 99 337.26 48320
258.8 99 342.93 48320
259.9 99 346.01 48320
261.0 94 223.93 48320
262.1 100 328.69 48320
263.1 99 336.41 48320
264.2 100 343.80 48320
265.3 100 342.12 48320
266.4 97 228.82 48320
267.5 100 323.32 48320
268.6 99 336.36 48320
269.7 99 345.14 48320
270.8 100 343.91 48320
271.9 95 222.00 48320
273.0 100 328.38 48320
274.1 100 336.87 48320
275.2 99 344.79 48320
276.3 99 343.77 48320
277.4 96 224.43 48320
278.5 100 327.85 48320
279.6 100 336.21 48320
280.7 99 345.93 48320
281.7 99 332.19 48320
282.8 95 235.92 48320
283.9 100 329.09 48320
285.0 100 336.96 48320
286.1 99 345.04 48320
287.2 99 330.30 48320
288.2 96 234.58 48320
289.3 100 329.07 48320
290.4 99 337.45 48320
291.5 100 346.14 48320
292.6 98 331.69 48320
293.6 95 232.98 48320
294.7 100 328.42 48320
295.8 100 336.66 48320
296.9 99 345.56 48320
297.9 99 332.91 48320
299.0 96 226.90 48320
300.1 100 327.80 48320
301.2 100 338.08 48320
302.3 100 343.80 48320
303.4 99 328.51 48320
304.4 95 240.16 48320
305.5 100 329.14 48320
306.6 100 338.00 48320
307.7 100 343.14 48320
308.8 99 326.14 48320
309.9 94 243.75 48320
310.9 100 332.80 48320
312.0 100 337.08 48320
313.1 100 343.62 48320
314.2 99 327.40 48320
315.3 95 232.85 48320
316.4 100 328.93 48320
317.4 99 336.20 48320
318.5 100 345.72 48320
319.6 99 314.38 48320
320.7 98 252.15 48320
321.8 100 330.17 48320
322.9 99 339.15 48320
324.0 100 345.76 48320
325.1 57 311.89 48320
326.2 95 255.91 48320
327.2 100 332.77 48320
328.3 100 338.68 48320
329.4 100 343.37 48320
330.5 1 295.06 48320
331.6 95 272.45 48320
332.7 100 329.33 48320
333.8 100 339.30 48320
334.8 99 344.30 48320
335.9 38 290.35 48320
337.0 94 258.79 48320
338.0 100 330.98 48320
339.1 100 337.89 48320
340.2 99 343.84 48320
341.3 0 289.10 48320
342.4 96 256.73 48320
343.5 100 329.68 48320
344.6 100 337.71 48320
345.7 100 343.98 48320
346.8 0 290.42 48320
347.8 94 274.73 48320
348.9 97 327.31 48320
350.0 99 343.12 48320
351.1 100 342.72 48320
352.2 0 275.24 48320
353.3 95 273.11 48320
354.4 97 326.05 48320
355.5 100 343.93 48320
356.5 100 343.27 48320
357.6 28 273.04 48320
358.7 94 283.37 48320
359.8 99 331.73 48320
360.9 100 344.02 48320
362.0 99 344.37 48320
363.1 43 273.33 48320
364.2 96 285.32 48320
365.3 99 334.63 48320
366.4 100 343.74 48320
367.5 100 344.06 48320
368.6 99 254.17 48320
369.7 96 302.88 48320
370.8 99 338.67 48320
371.8 99 344.46 48320
372.9 99 343.24 48320
374.0 98 243.47 48320
375.1 100 307.05 48320
376.2 100 336.24 48320
377.3 99 345.90 48320
378.4 100 343.35 48320
379.5 95 234.61 48320
380.6 100 315.30 48320
381.7 100 337.42 48320
382.8 99 342.74 48320
383.9 100 344.62 48320
385.0 97 232.11 48320
386.1 100 321.61 48320
387.2 99 337.23 48320
388.3 100 343.04 48320
389.4 100 344.16 48320
390.5 97 230.88 48320
391.5 100 320.97 48320
392.6 99 339.29 48320
393.7 100 343.57 48320
394.8 99 344.61 48320
395.9 98 227.18 48320
397.0 100 320.95 48320
398.0 99 337.26 48320
399.1 100 344.36 48320
400.2 100 343.92 48320
401.3 95 218.45 48320
402.4 100 327.90 48320
403.5 100 337.95 48320
404.6 100 342.67 48320
405.7 99 346.28 48320
406.8 80 222.77 48320
407.8 100 325.80 48320
408.9 100 336.44 48320
410.0 99 344.40 48320
411.1 100 345.67 48320
412.2 98 224.58 48320
413.3 100 325.52 48320
414.4 99 337.41 48320
415.4 99 344.68 48320
416.5 100 344.72 48320
417.6 98 225.46 48320
418.7 100 326.78 48320
419.8 100 337.27 48320
420.9 100 343.60 48320
422.0 99 344.17 48320
423.0 95 224.76 48320
424.1 100 328.08 48320
425.2 100 337.78 48320
426.3 99 342.83 48320
427.4 99 343.24 48320
428.5 93 221.05 48320
429.6 100 329.02 48320
430.7 99 337.47 48320
431.8 99 342.93 48320
432.8 99 343.35 48320
433.9 96 224.67 48320
435.0 100 328.50 48320
436.1 100 339.30 48320
437.2 100 344.09 48320
438.3 99 327.57 48320
439.4 96 221.66 48320
440.4 100 330.11 48320
441.5 100 339.14 48320
442.6 100 343.90 48320
443.7 99 327.61 48320
444.8 96 241.35 48320
445.9 100 330.12 48320
446.9 99 337.38 48320
448.0 100 342.39 48320
449.1 99 325.58 48320
450.2 96 229.53 48320
451.2 100 331.16 48320
452.4 100 339.34 48320
453.5 100 343.66 48320
454.5 99 324.81 48320
455.6 96 244.18 48320
456.7 100 329.74 48320
457.7 100 338.05 48320
458.8 100 343.20 48320
459.9 99 323.36 48320
461.0 95 242.84 48320
462.1 100 330.19 48320
463.1 100 337.23 48320
464.2 99 343.28 48320
465.3 98 321.96 48320
466.4 96 242.85 48320
467.4 100 328.27 48320
468.5 99 339.39 48320
469.6 100 344.34 48320
470.7 99 323.87 48320
471.8 95 244.02 48320
472.9 100 329.50 48320
474.0 99 337.84 48320
475.1 100 343.06 48320
476.2 99 305.43 48320
477.3 95 261.36 48320
478.4 100 328.55 48320
479.4 100 339.28 48320
480.6 100 344.82 48320
481.6 2 302.21 48320
482.7 96 259.92 48320
483.8 100 329.52 48320
484.9 100 341.46 48320
486.0 99 342.64 48320
487.0 6 302.27 48320
488.1 96 256.37 48320
489.2 100 329.70 48320
490.3 100 337.68 48320
491.4 99 344.54 48320
492.5 0 290.89 48320
493.5 96 256.98 48320
494.6 100 329.12 48320
495.7 100 339.24 48320
496.8 100 344.02 48320
497.9 0 290.95 48320
499.0 95 274.94 48320
500.1 95 326.74 48320
501.2 100 343.46 48320
502.3 100 342.89 48320
503.3 0 289.92 48320
504.4 95 276.01 48320
505.5 97 328.66 48320
506.6 99 343.82 48320
507.7 100 342.85 48320
508.8 0 269.12 48320
509.9 95 281.42 48320
511.0 96 329.69 48320
512.1 99 343.03 48320
513.2 99 343.96 48320
514.3 0 274.30 48320
515.3 95 283.16 48320
516.4 97 333.02 48320
517.5 99 343.11 48320
518.6 99 344.06 48320
519.7 0 274.47 48320
520.8 95 268.45 48320
SUMMARY n 480 streaks 12 [(28.4, 1.0, '291.47'), (179.4, 1.0, '288.24'), (184.8, 1.0, '288.59'), (341.3, 1.0, '289.10'), (346.8, 1.0, '290.42'), (352.2, 1.0, '275.24'), (492.5, 1.0, '290.89'), (497.9, 1.0, '290.95'), (503.3, 1.0, '289.92'), (508.8, 1.0, '269.12'), (514.3, 1.0, '274.30'), (519.7, 1.0, '274.47')] per_min 1.38 dur_s 521.8
